이름, 나이, 메일, 전화, 성별
윤지후, 27, ycmlpi9af@taehwakim.co.kr, 010-2642-5200, 여성
