이름, 나이, 메일, 전화, 성별
김현후, 26, ei0ui@taehwakim.co.kr, 010-4764-7057, 여성
